idx     sh_name     sh_type     sh_flags    sh_addr     sh_offset   sh_size     sh_link     sh_info     sh_addralign  sh_entsize    
   0    00000000    00000000    00000000    00000000    00000000    00000000    00000000    00000000      00000000      00000000
   1    0000001b    00000001    00000001    400c0000    0009c5ca    00000000    00000000    00000000      00000001      00000000
   2    00000025    00000001    00000001    3ff80000    0009c5ca    00000000    00000000    00000000      00000001      00000000
   3    00000030    00000001    00000001    3ff80000    0009c5ca    00000000    00000000    00000000      00000001      00000000
   4    00000040    00000001    00000001    50000000    0009c5ca    00000000    00000000    00000000      00000001      00000000
   5    0000004c    00000001    00000001    50000000    0009c5ca    00000000    00000000    00000000      00000001      00000000
   6    0000005c    00000001    00000006    40080000    00118368    00000400    00000000    00000000      00000004      00000000
   7    0000006b    00000001    00000007    40080400    00118768    000101d7    00000000    00000000      00000004      00000000
   8    00000077    00000001    00000003    3ffbdb60    0012893f    000026b0    00000000    00000000      00000010      00000000
   9    00000083    00000001    00000001    3ffc0210    0009c5ca    00000000    00000000    00000000      00000001      00000000
  10    0000008b    00000008    00000003    3ffc0210    0012afef    00006640    00000000    00000000      00000008      00000000
  11    00000096    00000001    00000003    3f400020    0013162f    000151a0    00000000    00000000      00000010      00000000
  12    000000a4    00000001    00000006    400d0018    001467cf    000746c2    00000000    00000000      00000004      00000000
  13    000000b0    00000001    00000000    00000000    001bae91    00018538    00000000    00000000      00000004      00000000
  14    000000bd    00000001    00000000    00000000    001d33c9    001b171f    00000000    00000000      00000001      00000000
  15    000000c9    00000001    00000000    00000000    00384ae8    0003b137    00000000    00000000      00000001      00000000
  16    000000d7    00000001    00000000    00000000    003bfc1f    00009a10    00000000    00000000      00000008      00000000
  17    000000e6    00000001    00000000    00000000    003c962f    0000e830    00000000    00000000      00000008      00000000
  18    000000f4    00000001    00000000    00000000    003d7e5f    000c62d7    00000000    00000000      00000001      00000000
  19    00000100    00000001    00000030    00000000    0049e136    00047fa6    00000000    00000000      00000001      00000001
  20    0000010b    00000001    00000030    00000000    004e60dc    00000168    00000000    00000000      00000001      00000001
  21    00000114    00000007    00000000    00000000    004e6244    00000038    00000000    00000000      00000001      00000000
  22    00000121    00000001    00000000    00000000    004e627c    00000008    00000000    00000000      00000001      00000000
  23    0000013a    00000001    00000000    00000000    003c79c5    00000000    00000000    00000000      00000001      00000000
  24    00000153    00000001    00000000    00000000    003c79c5    00000000    00000000    00000000      00000001      00000000
  25    0000016f    00000001    00000000    00000000    004e6284    0000000c    00000000    00000000      00000001      00000000
  26    00000189    00000001    00000000    00000000    003c79d1    00000000    00000000    00000000      00000001      00000000
  27    000001a3    00000001    00000000    00000000    004e6290    0000003c    00000000    00000000      00000001      00000000
  28    000001c0    00000001    00000000    00000000    004e62cc    00000030    00000000    00000000      00000001      00000000
  29    000001da    00000001    00000000    00000000    004e62fc    00000030    00000000    00000000      00000001      00000000
  30    000001f4    00000001    00000000    00000000    004e632c    00000054    00000000    00000000      00000001      00000000
  31    00000235    00000001    00000000    00000000    003c7ac1    00000000    00000000    00000000      00000001      00000000
  32    00000286    00000001    00000000    00000000    004e6380    0000006c    00000000    00000000      00000001      00000000
  33    000002d8    00000001    00000000    00000000    004e63ec    00000054    00000000    00000000      00000001      00000000
  34    0000032a    00000001    00000000    00000000    003c7b81    00000000    00000000    00000000      00000001      00000000
  35    00000355    00000001    00000000    00000000    003c7b81    00000000    00000000    00000000      00000001      00000000
  36    00000381    00000001    00000000    00000000    004e6440    00000030    00000000    00000000      00000001      00000000
  37    000003b6    00000001    00000000    00000000    004e6470    0000003c    00000000    00000000      00000001      00000000
  38    000003e2    00000001    00000000    00000000    004e64ac    00000024    00000000    00000000      00000001      00000000
  39    0000042e    00000001    00000000    00000000    003c7c11    00000000    00000000    00000000      00000001      00000000
  40    0000045f    00000001    00000000    00000000    004e64d0    0000003c    00000000    00000000      00000001      00000000
  41    00000491    00000001    00000000    00000000    004e650c    0000003c    00000000    00000000      00000001      00000000
  42    000004ca    00000001    00000000    00000000    004e6548    00000054    00000000    00000000      00000001      00000000
  43    00000509    00000001    00000000    00000000    004e659c    0000000c    00000000    00000000      00000001      00000000
  44    00000523    00000001    00000000    00000000    004e65a8    0000000c    00000000    00000000      00000001      00000000
  45    0000053d    00000001    00000000    00000000    004e65b4    0000000c    00000000    00000000      00000001      00000000
  46    0000056f    00000001    00000000    00000000    004e65c0    0000000c    00000000    00000000      00000001      00000000
  47    00000589    00000001    00000000    00000000    004e65cc    0000000c    00000000    00000000      00000001      00000000
  48    000005b8    00000001    00000000    00000000    004e65d8    000ad327    00000000    00000000      00000001      00000000
  49    00000011    00000003    00000000    00000000    005938ff    000005c3    00000000    00000000      00000001      00000000
  50    00000001    00000002    00000000    00000000    00593ec2    000123b0    00000033    00000766      00000004      00000010
  51    00000009    00000003    00000000    00000000    005a6272    000130f4    00000000    00000000      00000001      00000000
